A = [0 0 0;
     0 0 1;
     0.1 -0.79 1.78];
G = 